02_23_18_52
(100, 701, 497, 700)
02_23_18_52
(497.0, 700.0, 100.0, 701.0)
02_23_18_53
(100.0, 701.0, 497.0, 700.0)
02_23_18_54
(497.0, 700.0, 100.0, 701.0)
02_19_12_47
(299, 698, 298, 101)
02_19_12_48
(298.0, 101.0, 299.0, 698.0)
02_19_12_49
(299.0, 698.0, 298.0, 101.0)
02_19_12_50
(298.0, 101.0, 299.0, 698.0)
02_23_18_05
(299, 653, 299, 106)
02_23_18_07
(299.0, 106.0, 299.0, 653.0)
02_23_18_08
(299.0, 653.0, 299.0, 106.0)
02_23_18_10
(299.0, 106.0, 299.0, 653.0)
02_23_18_11
(299.0, 653.0, 299.0, 106.0)
02_23_18_13
(299.0, 106.0, 299.0, 653.0)
